20

4 1.50
1.00 3.75
3.00 1.00
1.00 2.25
1.50 3.00

4 1.49
1.00 3.75
3.00 1.00
1.00 2.25
1.50 3.00

8 3.00
-1.00 3.00
-1.00 2.00
-2.00 1.00
0.00 1.00
1.00 0.00
1.00 -1.00
2.00 -2.00
3.00 -1.00

8 2.00
-1.00 3.00
-1.00 2.00
-2.00 1.00
0.00 1.00
1.00 0.00
1.00 -1.00
2.00 -2.00
3.00 -1.00

9 3.00
-1.00 3.00
-1.00 2.00
-2.00 1.00
0.00 1.00
1.00 0.00
1.00 -1.00
2.00 -2.00
3.00 -1.00
0.00 0.00

9 2.00
-1.00 3.00
-1.00 2.00
-2.00 1.00
0.00 1.00
1.00 0.00
1.00 -1.00
2.00 -2.00
3.00 -1.00
0.00 0.00

9 2.00
0.00 0.00
0.00 1.00
0.00 2.00
1.00 0.00
1.00 1.00
1.00 2.00
2.00 0.00
2.00 1.00
2.00 2.00

32 1.41
0.00 0.00
1.00 0.00
2.00 0.00
3.00 0.00
4.00 0.00
5.00 0.00
0.00 1.00
1.00 1.00
2.00 1.00
3.00 1.00
4.00 1.00
5.00 1.00
0.00 2.00
1.00 2.00
2.00 2.00
3.00 2.00
4.00 2.00
5.00 2.00
0.00 3.00
1.00 3.00
2.00 3.00
3.00 3.00
4.00 3.00
5.00 3.00
0.00 4.00
1.00 4.00
2.00 4.00
3.00 4.00
4.00 4.00
5.00 4.00
4.00 5.00
5.00 5.00

32 1.42
0.00 0.00
1.00 0.00
2.00 0.00
3.00 0.00
4.00 0.00
5.00 0.00
0.00 1.00
1.00 1.00
2.00 1.00
3.00 1.00
4.00 1.00
5.00 1.00
0.00 2.00
1.00 2.00
2.00 2.00
3.00 2.00
4.00 2.00
5.00 2.00
0.00 3.00
1.00 3.00
2.00 3.00
3.00 3.00
4.00 3.00
5.00 3.00
0.00 4.00
1.00 4.00
2.00 4.00
3.00 4.00
4.00 4.00
5.00 4.00
4.00 5.00
5.00 5.00

32 1.99
0.00 0.00
1.00 0.00
2.00 0.00
3.00 0.00
4.00 0.00
5.00 0.00
0.00 1.00
1.00 1.00
2.00 1.00
3.00 1.00
4.00 1.00
5.00 1.00
0.00 2.00
1.00 2.00
2.00 2.00
3.00 2.00
4.00 2.00
5.00 2.00
0.00 3.00
1.00 3.00
2.00 3.00
3.00 3.00
4.00 3.00
5.00 3.00
0.00 4.00
1.00 4.00
2.00 4.00
3.00 4.00
4.00 4.00
5.00 4.00
4.00 5.00
5.00 5.00

32 2.00
0.00 0.00
1.00 0.00
2.00 0.00
3.00 0.00
4.00 0.00
5.00 0.00
0.00 1.00
1.00 1.00
2.00 1.00
3.00 1.00
4.00 1.00
5.00 1.00
0.00 2.00
1.00 2.00
2.00 2.00
3.00 2.00
4.00 2.00
5.00 2.00
0.00 3.00
1.00 3.00
2.00 3.00
3.00 3.00
4.00 3.00
5.00 3.00
0.00 4.00
1.00 4.00
2.00 4.00
3.00 4.00
4.00 4.00
5.00 4.00
4.00 5.00
5.00 5.00

32 2.82
0.00 0.00
1.00 0.00
2.00 0.00
3.00 0.00
4.00 0.00
5.00 0.00
0.00 1.00
1.00 1.00
2.00 1.00
3.00 1.00
4.00 1.00
5.00 1.00
0.00 2.00
1.00 2.00
2.00 2.00
3.00 2.00
4.00 2.00
5.00 2.00
0.00 3.00
1.00 3.00
2.00 3.00
3.00 3.00
4.00 3.00
5.00 3.00
0.00 4.00
1.00 4.00
2.00 4.00
3.00 4.00
4.00 4.00
5.00 4.00
4.00 5.00
5.00 5.00

32 2.83
0.00 0.00
1.00 0.00
2.00 0.00
3.00 0.00
4.00 0.00
5.00 0.00
0.00 1.00
1.00 1.00
2.00 1.00
3.00 1.00
4.00 1.00
5.00 1.00
0.00 2.00
1.00 2.00
2.00 2.00
3.00 2.00
4.00 2.00
5.00 2.00
0.00 3.00
1.00 3.00
2.00 3.00
3.00 3.00
4.00 3.00
5.00 3.00
0.00 4.00
1.00 4.00
2.00 4.00
3.00 4.00
4.00 4.00
5.00 4.00
4.00 5.00
5.00 5.00

32 3.16
0.00 0.00
1.00 0.00
2.00 0.00
3.00 0.00
4.00 0.00
5.00 0.00
0.00 1.00
1.00 1.00
2.00 1.00
3.00 1.00
4.00 1.00
5.00 1.00
0.00 2.00
1.00 2.00
2.00 2.00
3.00 2.00
4.00 2.00
5.00 2.00
0.00 3.00
1.00 3.00
2.00 3.00
3.00 3.00
4.00 3.00
5.00 3.00
0.00 4.00
1.00 4.00
2.00 4.00
3.00 4.00
4.00 4.00
5.00 4.00
4.00 5.00
5.00 5.00

32 3.17
0.00 0.00
1.00 0.00
2.00 0.00
3.00 0.00
4.00 0.00
5.00 0.00
0.00 1.00
1.00 1.00
2.00 1.00
3.00 1.00
4.00 1.00
5.00 1.00
0.00 2.00
1.00 2.00
2.00 2.00
3.00 2.00
4.00 2.00
5.00 2.00
0.00 3.00
1.00 3.00
2.00 3.00
3.00 3.00
4.00 3.00
5.00 3.00
0.00 4.00
1.00 4.00
2.00 4.00
3.00 4.00
4.00 4.00
5.00 4.00
4.00 5.00
5.00 5.00

32 0.01
0.00 0.00
1.00 0.00
2.00 0.00
3.00 0.00
4.00 0.00
5.00 0.00
0.00 1.00
1.00 1.00
2.00 1.00
3.00 1.00
4.00 1.00
5.00 1.00
0.00 2.00
1.00 2.00
2.00 2.00
3.00 2.00
4.00 2.00
5.00 2.00
0.00 3.00
1.00 3.00
2.00 3.00
3.00 3.00
4.00 3.00
5.00 3.00
0.00 4.00
1.00 4.00
2.00 4.00
3.00 4.00
4.00 4.00
5.00 4.00
4.00 5.00
5.00 5.00

32 7.07
0.00 0.00
1.00 0.00
2.00 0.00
3.00 0.00
4.00 0.00
5.00 0.00
0.00 1.00
1.00 1.00
2.00 1.00
3.00 1.00
4.00 1.00
5.00 1.00
0.00 2.00
1.00 2.00
2.00 2.00
3.00 2.00
4.00 2.00
5.00 2.00
0.00 3.00
1.00 3.00
2.00 3.00
3.00 3.00
4.00 3.00
5.00 3.00
0.00 4.00
1.00 4.00
2.00 4.00
3.00 4.00
4.00 4.00
5.00 4.00
4.00 5.00
5.00 5.00

32 7.08
0.00 0.00
1.00 0.00
2.00 0.00
3.00 0.00
4.00 0.00
5.00 0.00
0.00 1.00
1.00 1.00
2.00 1.00
3.00 1.00
4.00 1.00
5.00 1.00
0.00 2.00
1.00 2.00
2.00 2.00
3.00 2.00
4.00 2.00
5.00 2.00
0.00 3.00
1.00 3.00
2.00 3.00
3.00 3.00
4.00 3.00
5.00 3.00
0.00 4.00
1.00 4.00
2.00 4.00
3.00 4.00
4.00 4.00
5.00 4.00
4.00 5.00
5.00 5.00

32 4.00
1.00 1.00
2.00 1.00
3.00 0.00
5.00 0.00
8.00 0.00
4.00 1.00
7.00 1.00
2.00 2.00
3.00 2.00
5.00 2.00
6.00 2.00
9.00 2.00
0.00 3.00
2.00 3.00
5.00 3.00
7.00 3.00
1.00 4.00
3.00 4.00
6.00 4.00
8.00 4.00
0.00 5.00
4.00 5.00
7.00 5.00
1.00 6.00
2.00 6.00
3.00 6.00
5.00 6.00
8.00 6.00
1.00 7.00
3.00 7.00
5.00 7.00
7.00 7.00

32 6.00
1.00 1.00
2.00 1.00
3.00 0.00
5.00 0.00
8.00 0.00
4.00 1.00
7.00 1.00
2.00 2.00
3.00 2.00
5.00 2.00
6.00 2.00
9.00 2.00
0.00 3.00
2.00 3.00
5.00 3.00
7.00 3.00
1.00 4.00
3.00 4.00
6.00 4.00
8.00 4.00
0.00 5.00
4.00 5.00
7.00 5.00
1.00 6.00
2.00 6.00
3.00 6.00
5.00 6.00
8.00 6.00
1.00 7.00
3.00 7.00
5.00 7.00
7.00 7.00
