100
2 3 2
1 1 1
2 1 1
2 1 2
3 2 3
67 3 22
100 4 24
6 7 4
29 12 2
100 9 12
1 3 1
100 2 49
1 4 1
4 1 3
4 1 4
76 6 3
33 11 24
47 8 33
67 3 16
12 5 12
2 3 1
29 2 2
3 2 1
27 12 27
1 100 1
4 4 1
100 1 100
22 13 3
1 13 1
80 8 9
80 8 10
29 1 29
14 6 9
4 2 1
3 1 3
29 12 3
10 5 1
45 6 12
76 6 4
2 59 1
4 3 1
3 17 3
3 37 1
3 1 2
35 11 19
45 5 9
1 88 1
31 12 8
91 7 25
1 38 1
100 4 25
28 5 10
10 5 2
10 18 1
2 4 1
45 5 8
38 2 18
70 1 31
70 1 55
87 1 87
86 9 41
100 2 50
23 5 5
100 3 33
4 2 2
3 4 1
29 1 28
100 3 34
87 9 10
87 9 9
4 29 1
6 2 2
100 1 99
100 1 1
100 9 11
1 50 1
23 5 4
1 29 1
3 2 2
64 4 32
1 52 1
81 3 64
17 1 15
85 1 76
4 3 2
12 11 1
13 2 5
9 15 9
70 7 40
14 7 2
42 7 23
25 7 6
57 2 38
1 72 1
3 3 1
14 2 1
1 2 1
2 2 1
87 1 86
14 7 1
