11 100
29 9984 30 9983
10 9982 11 9981
11 9982 12 9981
12 9982 13 9981
13 9982 14 9981
14 9982 15 9981
15 9982 16 9981
16 9982 17 9981
17 9982 18 9981
15 10000 16 9999
16 10000 17 9999
17 10000 18 9999
18 10000 19 9999
19 10000 20 9999
10 9998 11 9997
11 9998 12 9997
12 9998 13 9997
13 9998 14 9997
14 9998 15 9997
15 9998 16 9997
10 10000 11 9999
11 10000 12 9999
12 10000 13 9999
13 10000 14 9999
14 10000 15 9999
16 9998 17 9997
12 9996 13 9995
13 9996 14 9995
14 9996 15 9995
15 9996 16 9995
16 9996 17 9995
17 9996 18 9995
18 9996 19 9995
19 9996 20 9995
17 9998 18 9997
18 9998 19 9997
19 9998 20 9997
10 9996 11 9995
11 9996 12 9995
10 9994 11 9993
11 9994 12 9993
12 9994 13 9993
13 9994 14 9993
14 9994 15 9993
15 9994 16 9993
16 9994 17 9993
17 9994 18 9993
18 9994 19 9993
19 9994 20 9993
10 9992 11 9991
11 9992 12 9991
12 9992 13 9991
13 9992 14 9991
14 9992 15 9991
15 9992 16 9991
16 9992 17 9991
17 9992 18 9991
18 9992 19 9991
19 9992 20 9991
10 9990 11 9989
11 9990 12 9989
12 9990 13 9989
13 9990 14 9989
14 9990 15 9989
15 9990 16 9989
16 9990 17 9989
17 9990 18 9989
18 9990 19 9989
19 9990 20 9989
10 9988 11 9987
11 9988 12 9987
12 9988 13 9987
13 9988 14 9987
14 9988 15 9987
15 9988 16 9987
16 9988 17 9987
17 9988 18 9987
18 9988 19 9987
19 9988 20 9987
10 9986 11 9985
11 9986 12 9985
12 9986 13 9985
13 9986 14 9985
14 9986 15 9985
15 9986 16 9985
16 9986 17 9985
17 9986 18 9985
18 9986 19 9985
19 9986 20 9985
10 9984 11 9983
11 9984 12 9983
12 9984 13 9983
13 9984 14 9983
14 9984 15 9983
15 9984 16 9983
16 9984 17 9983
17 9984 18 9983
18 9984 19 9983
18 9982 19 9981
29 9982 30 9981
