Case #1: 1 5
Case #2: 1
Case #3: 1 2
Case #4: 1 4 7
Case #5: 1 20971520000001 41943040000001 62914560000001 83886080000001 104857600000001 125829120000001 146800640000001 167772160000001 188743680000001 209715200000001 230686720000001 251658240000001 272629760000001 293601280000001 314572800000001 335544320000001 356515840000001 377487360000001 398458880000001 419430400000001 440401920000001 461373440000001 482344960000001 503316480000001 524288000000001 545259520000001 566231040000001 587202560000001 608174080000001 629145600000001 650117120000001 671088640000001 692060160000001 713031680000001 734003200000001 754974720000001 775946240000001 796917760000001 817889280000001 838860800000001 859832320000001 880803840000001 901775360000001 922746880000001 943718400000001 964689920000001 985661440000001 1006632960000001 1027604480000001 1048576000000001 1069547520000001 1090519040000001 1111490560000001 1132462080000001 1153433600000001 1174405120000001 1195376640000001 1216348160000001 1237319680000001 1258291200000001 1279262720000001 1300234240000001 1321205760000001 1342177280000001 1363148800000001 1384120320000001 1405091840000001 1426063360000001 1447034880000001 1468006400000001 1488977920000001 1509949440000001 1530920960000001 1551892480000001 1572864000000001 1593835520000001 1614807040000001 1635778560000001 1656750080000001
Case #6: 1 21936950640377857 43873901280755713 65810851921133569 87747802561511425 109684753201889281
Case #7: 1 2 3 4 5 6 7 8 9 10 11 12 13 14 15 16 17 18 19 20 21 22 23 24 25 26 27 28 29 30 31 32 33 34 35 36 37 38 39 40 41 42 43 44 45 46 47 48 49 50 51 52 53 54 55 56 57 58 59 60 61 62 63 64 65 66 67 68 69 70 71 72 73 74 75 76 77 78 79 80 81
Case #8: 1 4096000000000001 8192000000000001 12288000000000001 16384000000000001 20480000000000001 24576000000000001 28672000000000001 32768000000000001 36864000000000001 40960000000000001 45056000000000001 49152000000000001 53248000000000001 57344000000000001 61440000000000001 65536000000000001 69632000000000001 73728000000000001 77824000000000001
Case #9: 1
Case #10: 1 5 9 13
Case #11: 1 8916100448257 17832200896513 26748301344769 35664401793025 44580502241281 53496602689537 62412703137793 71328803586049 80244904034305 89161004482561 98077104930817
Case #12: 1 512000000001 1024000000001 1536000000001 2048000000001 2560000000001 3072000000001 3584000000001 4096000000001 4608000000001 5120000000001 5632000000001 6144000000001 6656000000001 7168000000001 7680000000001 8192000000001 8704000000001 9216000000001 9728000000001
Case #13: 1 3970 7939 11908 15877 19846 23815 27784 31753 35722 39691 43660 47629 51598 55567 59536 63505 67474 71443 75412 79381 83350 87319 91288 95257 99226 103195 107164 111133 115102 119071 123040 127009 130978 134947 138916 142885 146854 150823 154792 158761 162730 166699 170668 174637 178606 182575 186544 190513 194482 198451 202420 206389 210358 214327 218296 222265 226234 230203 234172 238141 242110 246079
Case #14: 1 899194740203777 1798389480407553 2697584220611329 3596778960815105 4495973701018881 5395168441222657 6294363181426433 7193557921630209 8092752661833985 8991947402037761 9891142142241537 10790336882445313 11689531622649089 12588726362852865 13487921103056641 14387115843260417 15286310583464193 16185505323667969 17084700063871745 17983894804075521 18883089544279297 19782284284483073 20681479024686849 21580673764890625 22479868505094401 23379063245298177 24278257985501953 25177452725705729 26076647465909505 26975842206113281 27875036946317057 28774231686520833 29673426426724609 30572621166928385 31471815907132161 32371010647335937 33270205387539713 34169400127743489 35068594867947265 35967789608151041 36866984348354817 37766179088558593 38665373828762369 39564568568966145 40463763309169921 41362958049373697 42262152789577473 43161347529781249 44060542269985025 44959737010188801 45858931750392577 46758126490596353 47657321230800129 48556515971003905 49455710711207681 50354905451411457 51254100191615233 52153294931819009 53052489672022785 53951684412226561 54850879152430337 55750073892634113 56649268632837889 57548463373041665 58447658113245441 59346852853449217 60246047593652993 61145242333856769 62044437074060545 62943631814264321 63842826554468097 64742021294671873 65641216034875649
Case #15: 1 7737809376 15475618751 23213428126 30951237501 38689046876 46426856251 54164665626 61902475001 69640284376 77378093751 85115903126 92853712501 100591521876 108329331251 116067140626 123804950001 131542759376 139280568751 147018378126 154756187501 162493996876 170231806251 177969615626 185707425001 193445234376 201183043751 208920853126 216658662501 224396471876 232134281251 239872090626 247609900001 255347709376 263085518751 270823328126 278561137501 286298946876 294036756251 301774565626 309512375001 317250184376 324987993751 332725803126 340463612501 348201421876 355939231251 363677040626 371414850001 379152659376 386890468751 394628278126 402366087501 410103896876 417841706251 425579515626 433317325001 441055134376 448792943751 456530753126 464268562501 472006371876 479744181251 487481990626 495219800001 502957609376 510695418751 518433228126 526171037501 533908846876 541646656251 549384465626 557122275001 564860084376 572597893751 580335703126 588073512501 595811321876 603549131251 611286940626 619024750001 626762559376 634500368751 642238178126 649975987501 657713796876 665451606251 673189415626 680927225001 688665034376 696402843751 704140653126 711878462501 719616271876 727354081251
Case #16: 1 2602 5203 7804 10405 13006 15607 18208 20809 23410 26011 28612 31213 33814 36415 39016 41617 44218 46819 49420 52021 54622 57223 59824 62425 65026 67627 70228 72829 75430 78031 80632 83233 85834 88435 91036 93637 96238 98839 101440 104041 106642 109243 111844 114445 117046 119647 122248 124849 127450 130051
Case #17: 1 379749833583242 759499667166483 1139249500749724 1518999334332965 1898749167916206 2278499001499447 2658248835082688 3037998668665929 3417748502249170 3797498335832411
Case #18: 1 2 3 4
Case #19: 1 8837 17673 26509 35345 44181 53017 61853 70689 79525 88361 97197 106033 114869 123705 132541 141377 150213 159049 167885 176721 185557 194393 203229 212065 220901 229737 238573 247409 256245 265081 273917 282753 291589 300425 309261 318097 326933 335769 344605 353441 362277 371113 379949 388785 397621 406457 415293 424129 432965 441801 450637 459473 468309 477145 485981 494817 503653 512489 521325 530161 538997 547833 556669 565505 574341 583177 592013 600849 609685 618521 627357 636193 645029 653865 662701 671537 680373 689209 698045 706881 715717 724553 733389 742225 751061 759897 768733 777569 786405 795241 804077 812913 821749
Case #20: 1 5764802 11529603 17294404 23059205 28824006 34588807 40353608 46118409 51883210 57648011 63412812 69177613 74942414 80707215 86472016 92236817 98001618 103766419 109531220 115296021 121060822 126825623 132590424 138355225 144120026 149884827 155649628 161414429 167179230 172944031 178708832 184473633 190238434 196003235 201768036 207532837 213297638 219062439 224827240 230592041 236356842 242121643 247886444 253651245 259416046 265180847 270945648 276710449
Case #21: 1 992436544 1984873087 2977309630 3969746173 4962182716 5954619259 6947055802 7939492345 8931928888 9924365431 10916801974 11909238517 12901675060 13894111603 14886548146 15878984689 16871421232 17863857775 18856294318 19848730861 20841167404 21833603947 22826040490 23818477033 24810913576 25803350119 26795786662 27788223205 28780659748 29773096291 30765532834 31757969377 32750405920 33742842463 34735279006 35727715549 36720152092 37712588635 38705025178 39697461721 40689898264 41682334807 42674771350 43667207893 44659644436 45652080979 46644517522 47636954065 48629390608 49621827151 50614263694 51606700237 52599136780 53591573323 54584009866 55576446409 56568882952 57561319495 58553756038 59546192581 60538629124 61531065667
Case #22: 1 2 3 4 5 6 7 8 9 10 11 12 13 14 15 16 17 18 19 20 21 22 23 24 25 26 27 28 29 30 31 32 33 34 35 36 37
Case #23: 1 2 3 4 5 6 7 8 9 10 11 12 13 14 15 16 17 18 19 20 21 22 23 24 25 26 27 28 29 30 31 32 33 34 35 36 37 38 39 40 41 42 43 44 45 46 47 48 49 50 51 52 53 54 55 56
Case #24: 1 2821109907457 5642219814913 8463329722369 11284439629825 14105549537281
Case #25: 1 1000001 2000001 3000001 4000001 5000001 6000001 7000001 8000001 9000001 10000001 11000001 12000001 13000001 14000001 15000001 16000001 17000001 18000001 19000001 20000001 21000001 22000001 23000001 24000001 25000001 26000001 27000001 28000001 29000001 30000001 31000001 32000001 33000001 34000001 35000001 36000001 37000001 38000001 39000001 40000001 41000001 42000001 43000001 44000001 45000001 46000001 47000001 48000001 49000001 50000001 51000001 52000001 53000001 54000001 55000001 56000001 57000001 58000001 59000001 60000001 61000001 62000001 63000001 64000001 65000001 66000001 67000001 68000001 69000001 70000001 71000001 72000001 73000001 74000001 75000001 76000001 77000001 78000001 79000001 80000001 81000001 82000001 83000001 84000001 85000001 86000001 87000001 88000001 89000001 90000001 91000001 92000001 93000001 94000001 95000001 96000001 97000001 98000001 99000001
Case #26: 1 4879682 9759363 14639044 19518725 24398406 29278087 34157768 39037449 43917130 48796811 53676492 58556173 63435854 68315535 73195216 78074897 82954578 87834259 92713940 97593621 102473302 107352983 112232664 117112345 121992026 126871707 131751388 136631069 141510750 146390431 151270112 156149793 161029474 165909155 170788836 175668517 180548198 185427879 190307560 195187241 200066922 204946603 209826284 214705965 219585646 224465327
Case #27: 1 64847759419265 129695518838529 194543278257793 259391037677057 324238797096321 389086556515585 453934315934849 518782075354113 583629834773377 648477594192641 713325353611905 778173113031169 843020872450433 907868631869697 972716391288961 1037564150708225 1102411910127489 1167259669546753 1232107428966017 1296955188385281 1361802947804545 1426650707223809 1491498466643073 1556346226062337 1621193985481601 1686041744900865 1750889504320129 1815737263739393 1880585023158657 1945432782577921 2010280541997185 2075128301416449 2139976060835713 2204823820254977 2269671579674241 2334519339093505 2399367098512769 2464214857932033 2529062617351297 2593910376770561 2658758136189825 2723605895609089 2788453655028353 2853301414447617 2918149173866881 2982996933286145 3047844692705409 3112692452124673 3177540211543937 3242387970963201 3307235730382465 3372083489801729 3436931249220993 3501779008640257 3566626768059521 3631474527478785 3696322286898049 3761170046317313 3826017805736577 3890865565155841 3955713324575105 4020561083994369 4085408843413633 4150256602832897 4215104362252161 4279952121671425 4344799881090689 4409647640509953 4474495399929217 4539343159348481 4604190918767745 4669038678187009 4733886437606273 4798734197025537 4863581956444801 4928429715864065 4993277475283329 5058125234702593 5122972994121857 5187820753541121 5252668512960385 5317516272379649 5382364031798913 5447211791218177 5512059550637441 5576907310056705 5641755069475969 5706602828895233 5771450588314497 5836298347733761 5901146107153025 5965993866572289 6030841625991553
Case #28: 1
Case #29: 1 17 33 49
Case #30: 1 13492928513 26985857025 40478785537 53971714049 67464642561 80957571073 94450499585 107943428097 121436356609 134929285121 148422213633 161915142145 175408070657 188900999169 202393927681 215886856193 229379784705 242872713217 256365641729 269858570241 283351498753 296844427265 310337355777 323830284289 337323212801 350816141313 364309069825
Case #31: 1 25600000001 51200000001 76800000001 102400000001 128000000001 153600000001 179200000001 204800000001 230400000001 256000000001 281600000001 307200000001 332800000001 358400000001 384000000001 409600000001 435200000001 460800000001 486400000001
Case #32: 1
Case #33: 1 118587876498 237175752995 355763629492 474351505989 592939382486 711527258983 830115135480 948703011977 1067290888474 1185878764971 1304466641468 1423054517965 1541642394462 1660230270959 1778818147456 1897406023953
Case #34: 1 10 19
Case #35: 1 281474976710657
Case #36: 1 3276800001 6553600001 9830400001 13107200001 16384000001 19660800001 22937600001 26214400001 29491200001 32768000001 36044800001 39321600001 42598400001 45875200001 49152000001 52428800001 55705600001 58982400001 62259200001 65536000001 68812800001 72089600001 75366400001 78643200001 81920000001 85196800001 88473600001 91750400001 95027200001 98304000001 101580800001 104857600001 108134400001 111411200001 114688000001 117964800001 121241600001 124518400001 127795200001 131072000001 134348800001 137625600001 140902400001 144179200001 147456000001 150732800001 154009600001 157286400001 160563200001 163840000001 167116800001 170393600001 173670400001 176947200001 180224000001 183500800001 186777600001 190054400001 193331200001 196608000001 199884800001 203161600001 206438400001 209715200001 212992000001 216268800001 219545600001 222822400001 226099200001 229376000001 232652800001 235929600001 239206400001 242483200001 245760000001 249036800001 252313600001 255590400001 258867200001
Case #37: 1 21381377 42762753 64144129 85525505 106906881 128288257 149669633 171051009 192432385 213813761 235195137 256576513 277957889 299339265 320720641 342102017 363483393 384864769 406246145 427627521 449008897 470390273 491771649 513153025 534534401 555915777 577297153 598678529 620059905 641441281 662822657 684204033 705585409 726966785 748348161 769729537 791110913 812492289 833873665 855255041 876636417 898017793 919399169 940780545 962161921 983543297 1004924673 1026306049 1047687425 1069068801 1090450177 1111831553 1133212929 1154594305 1175975681 1197357057 1218738433 1240119809 1261501185 1282882561 1304263937 1325645313 1347026689 1368408065 1389789441 1411170817 1432552193
Case #38: 1 72057594037927937 144115188075855873 216172782113783809
Case #39: 1 2 3 4 5 6 7 8
Case #40: 1 457163239653377 914326479306753 1371489718960129 1828652958613505 2285816198266881 2742979437920257 3200142677573633 3657305917227009 4114469156880385 4571632396533761 5028795636187137 5485958875840513 5943122115493889 6400285355147265 6857448594800641 7314611834454017 7771775074107393 8228938313760769 8686101553414145 9143264793067521 9600428032720897 10057591272374273 10514754512027649 10971917751681025 11429080991334401 11886244230987777 12343407470641153 12800570710294529 13257733949947905 13714897189601281 14172060429254657 14629223668908033 15086386908561409 15543550148214785 16000713387868161 16457876627521537 16915039867174913 17372203106828289 17829366346481665 18286529586135041 18743692825788417 19200856065441793 19658019305095169 20115182544748545 20572345784401921 21029509024055297 21486672263708673 21943835503362049 22400998743015425 22858161982668801 23315325222322177 23772488461975553 24229651701628929 24686814941282305 25143978180935681 25601141420589057 26058304660242433 26515467899895809 26972631139549185 27429794379202561 27886957618855937 28344120858509313 28801284098162689 29258447337816065 29715610577469441 30172773817122817 30629937056776193
Case #41: 1 10001 20001 30001 40001 50001 60001 70001 80001 90001
Case #42: 1 91126 182251 273376 364501 455626 546751 637876 729001 820126 911251 1002376 1093501 1184626 1275751 1366876 1458001 1549126 1640251 1731376 1822501 1913626 2004751 2095876 2187001 2278126 2369251 2460376 2551501 2642626 2733751 2824876 2916001 3007126 3098251 3189376 3280501 3371626 3462751 3553876 3645001 3736126 3827251 3918376 4009501
Case #43: 1
Case #44: 1
Case #45: 1 62742242 125484483 188226724 250968965 313711206 376453447 439195688 501937929 564680170 627422411 690164652 752906893 815649134 878391375 941133616 1003875857 1066618098 1129360339 1192102580 1254844821 1317587062 1380329303 1443071544 1505813785 1568556026 1631298267 1694040508 1756782749 1819524990 1882267231 1945009472 2007751713 2070493954 2133236195 2195978436 2258720677 2321462918 2384205159 2446947400 2509689641 2572431882 2635174123 2697916364 2760658605 2823400846 2886143087 2948885328 3011627569 3074369810 3137112051 3199854292 3262596533 3325338774 3388081015 3450823256 3513565497 3576307738 3639049979 3701792220 3764534461 3827276702 3890018943 3952761184 4015503425 4078245666 4140987907 4203730148 4266472389 4329214630 4391956871 4454699112 4517441353 4580183594 4642925835 4705668076 4768410317 4831152558 4893894799 4956637040 5019379281 5082121522 5144863763 5207606004 5270348245 5333090486 5395832727 5458574968 5521317209
Case #46: 1 10000000000000001 20000000000000001 30000000000000001 40000000000000001 50000000000000001 60000000000000001 70000000000000001 80000000000000001 90000000000000001 100000000000000001 110000000000000001 120000000000000001 130000000000000001 140000000000000001 150000000000000001 160000000000000001 170000000000000001 180000000000000001 190000000000000001 200000000000000001 210000000000000001 220000000000000001 230000000000000001 240000000000000001 250000000000000001 260000000000000001 270000000000000001 280000000000000001 290000000000000001 300000000000000001 310000000000000001 320000000000000001 330000000000000001 340000000000000001 350000000000000001 360000000000000001 370000000000000001 380000000000000001 390000000000000001 400000000000000001 410000000000000001 420000000000000001 430000000000000001 440000000000000001 450000000000000001 460000000000000001 470000000000000001 480000000000000001 490000000000000001 500000000000000001 510000000000000001 520000000000000001 530000000000000001 540000000000000001 550000000000000001 560000000000000001 570000000000000001 580000000000000001 590000000000000001 600000000000000001 610000000000000001 620000000000000001 630000000000000001 640000000000000001 650000000000000001 660000000000000001 670000000000000001 680000000000000001 690000000000000001 700000000000000001 710000000000000001 720000000000000001 730000000000000001 740000000000000001 750000000000000001 760000000000000001 770000000000000001 780000000000000001 790000000000000001 800000000000000001 810000000000000001 820000000000000001 830000000000000001 840000000000000001 850000000000000001 860000000000000001 870000000000000001 880000000000000001 890000000000000001 900000000000000001 910000000000000001 920000000000000001 930000000000000001 940000000000000001 950000000000000001 960000000000000001 970000000000000001 980000000000000001 990000000000000001
Case #47: 1 7529537 15059073 22588609 30118145 37647681 45177217 52706753 60236289 67765825 75295361 82824897 90354433 97883969
Case #48: 1 3
Case #49: 1 30 59 88 117 146 175 204 233 262 291 320 349 378 407 436 465 494 523 552 581 610 639 668 697 726 755 784 813
Case #50: 1 1953126 3906251 5859376 7812501
Case #51: 1 150094635296999137 300189270593998273
Case #52: 1 15625000001 31250000001 46875000001 62500000001 78125000001 93750000001 109375000001 125000000001 140625000001 156250000001 171875000001 187500000001 203125000001 218750000001 234375000001 250000000001 265625000001 281250000001 296875000001 312500000001 328125000001 343750000001 359375000001 375000000001 390625000001 406250000001 421875000001 437500000001 453125000001 468750000001 484375000001 500000000001 515625000001 531250000001 546875000001 562500000001 578125000001 593750000001 609375000001 625000000001 640625000001 656250000001 671875000001 687500000001 703125000001 718750000001 734375000001 750000000001 765625000001
Case #53: 1 2 3 4 5 6 7 8 9 10 11 12 13 14 15 16 17 18 19 20 21 22 23 24 25 26 27 28 29 30 31 32 33 34 35 36 37 38 39 40 41 42 43 44 45 46 47 48 49 50 51 52 53 54 55 56 57 58 59 60 61 62 63 64 65 66 67 68
Case #54: 1 658504 1317007 1975510 2634013 3292516 3951019 4609522 5268025 5926528 6585031 7243534 7902037 8560540 9219043 9877546 10536049 11194552 11853055 12511558 13170061 13828564 14487067 15145570 15804073 16462576 17121079 17779582 18438085 19096588 19755091 20413594 21072097 21730600 22389103 23047606 23706109 24364612 25023115 25681618 26340121 26998624 27657127 28315630 28974133 29632636 30291139 30949642 31608145 32266648 32925151 33583654 34242157 34900660 35559163 36217666 36876169 37534672 38193175 38851678 39510181 40168684 40827187 41485690 42144193 42802696 43461199 44119702 44778205 45436708 46095211 46753714 47412217 48070720 48729223 49387726 50046229 50704732 51363235 52021738 52680241 53338744 53997247 54655750 55314253 55972756 56631259
Case #55: 1 7625597484988 15251194969975 22876792454962 30502389939949 38127987424936 45753584909923 53379182394910 61004779879897 68630377364884 76255974849871 83881572334858 91507169819845 99132767304832 106758364789819 114383962274806 122009559759793 129635157244780 137260754729767 144886352214754 152511949699741 160137547184728 167763144669715 175388742154702 183014339639689 190639937124676 198265534609663
Case #56: 1 2 3
Case #57: 1 101 201 301 401 501 601 701 801 901 1001 1101 1201 1301 1401 1501 1601 1701 1801 1901 2001 2101 2201 2301 2401 2501 2601 2701 2801 2901 3001 3101 3201 3301 3401 3501 3601 3701 3801 3901 4001 4101 4201 4301 4401 4501 4601 4701 4801 4901 5001 5101 5201 5301 5401 5501 5601 5701 5801 5901 6001 6101 6201 6301 6401 6501 6601 6701 6801 6901 7001 7101 7201 7301 7401 7501 7601 7701 7801 7901 8001 8101 8201 8301 8401 8501 8601 8701 8801 8901 9001 9101 9201 9301 9401 9501 9601 9701 9801 9901
Case #58: 1 288230376151711745
Case #59: 1 79508 159015 238522 318029 397536 477043 556550 636057 715564 795071 874578 954085 1033592 1113099 1192606 1272113 1351620 1431127 1510634 1590141 1669648 1749155 1828662 1908169 1987676 2067183 2146690 2226197 2305704 2385211 2464718 2544225 2623732 2703239 2782746 2862253 2941760 3021267 3100774 3180281 3259788 3339295
Case #60: 1 20047612231937 40095224463873 60142836695809 80190448927745 100238061159681 120285673391617 140333285623553 160380897855489 180428510087425 200476122319361 220523734551297 240571346783233 260618959015169 280666571247105 300714183479041 320761795710977 340809407942913 360857020174849 380904632406785 400952244638721 420999856870657 441047469102593 461095081334529 481142693566465 501190305798401 521237918030337 541285530262273 561333142494209 581380754726145 601428366958081 621475979190017 641523591421953 661571203653889 681618815885825 701666428117761 721714040349697 741761652581633 761809264813569 781856877045505 801904489277441 821952101509377 841999713741313 862047325973249 882094938205185 902142550437121
Case #61: 1 10 19 28 37 46 55 64 73
Case #62: 1 26559922791425 53119845582849 79679768374273 106239691165697 132799613957121 159359536748545 185919459539969 212479382331393 239039305122817 265599227914241 292159150705665 318719073497089 345278996288513 371838919079937 398398841871361 424958764662785 451518687454209 478078610245633 504638533037057 531198455828481 557758378619905
Case #63: 1 387420490 774840979
Case #64: 1
Case #65: 1 7837433594376962 15674867188753923 23512300783130884 31349734377507845 39187167971884806 47024601566261767 54862035160638728 62699468755015689 70536902349392650 78374335943769611 86211769538146572 94049203132523533 101886636726900494 109724070321277455 117561503915654416 125398937510031377 133236371104408338 141073804698785299 148911238293162260 156748671887539221 164586105481916182 172423539076293143 180260972670670104 188098406265047065 195935839859424026 203773273453800987 211610707048177948 219448140642554909 227285574236931870 235123007831308831 242960441425685792 250797875020062753 258635308614439714 266472742208816675 274310175803193636 282147609397570597 289985042991947558 297822476586324519 305659910180701480 313497343775078441 321334777369455402 329172210963832363 337009644558209324 344847078152586285 352684511746963246 360521945341340207 368359378935717168 376196812530094129 384034246124471090 391871679718848051 399709113313225012 407546546907601973 415383980501978934 423221414096355895 431058847690732856 438896281285109817 446733714879486778 454571148473863739 462408582068240700 470246015662617661 478083449256994622 485920882851371583 493758316445748544 501595750040125505 509433183634502466 517270617228879427 525108050823256388 532945484417633349 540782918012010310 548620351606387271 556457785200764232 564295218795141193 572132652389518154 579970085983895115 587807519578272076 595644953172649037 603482386767025998 611319820361402959 619157253955779920 626994687550156881 634832121144533842 642669554738910803 650506988333287764 658344421927664725 666181855522041686 674019289116418647 681856722710795608 689694156305172569 697531589899549530 705369023493926491 713206457088303452 721043890682680413 728881324277057374 736718757871434335 744556191465811296 752393625060188257
Case #66: 1
Case #67: 1 1792160394038 3584320788075 5376481182112 7168641576149 8960801970186 10752962364223 12545122758260 14337283152297 16129443546334 17921603940371 19713764334408 21505924728445
Case #68: 1 322687697780 645375395559 968063093338 1290750791117 1613438488896 1936126186675 2258813884454 2581501582233 2904189280012 3226876977791 3549564675570 3872252373349 4194940071128 4517627768907 4840315466686 5163003164465 5485690862244 5808378560023
Case #69: 1 65 129 193
Case #70: 1
Case #71: 1 2 3 4 5 6 7 8 9 10 11 12 13 14 15 16 17 18 19 20 21 22 23 24 25 26 27 28 29 30 31 32 33
Case #72: 1 2 3 4 5 6 7 8 9 10 11 12 13 14 15 16 17 18 19 20 21 22 23 24 25 26 27 28 29 30 31 32 33 34 35 36 37 38 39 40 41 42 43 44 45 46 47 48 49 50 51 52 53 54 55 56 57 58 59 60 61 62 63 64 65 66 67 68 69 70 71 72 73 74 75 76 77 78 79 80 81 82 83 84 85 86 87 88 89 90 91 92 93 94 95 96 97 98 99 100
Case #73: 1 100000000000000001 200000000000000001 300000000000000001 400000000000000001 500000000000000001 600000000000000001 700000000000000001 800000000000000001 900000000000000001
Case #74: 1 3010936385 6021872769 9032809153 12043745537 15054681921 18065618305 21076554689 24087491073 27098427457 30109363841 33120300225 36131236609 39142172993 42153109377 45164045761 48174982145 51185918529 54196854913 57207791297 60218727681 63229664065 66240600449 69251536833 72262473217 75273409601 78284345985 81295282369 84306218753 87317155137 90328091521 93339027905 96349964289 99360900673 102371837057 105382773441 108393709825 111404646209
Case #75: 1 93 185 277 369 461 553 645 737 829 921 1013 1105 1197 1289 1381 1473 1565 1657 1749 1841 1933 2025 2117 2209 2301 2393 2485 2577 2669 2761 2853 2945 3037 3129 3221 3313 3405 3497 3589 3681 3773 3865 3957 4049 4141 4233 4325 4417 4509 4601 4693 4785 4877 4969 5061 5153 5245 5337 5429 5521 5613 5705 5797 5889 5981 6073 6165 6257 6349 6441 6533 6625 6717 6809 6901 6993 7085 7177 7269 7361 7453 7545 7637 7729 7821 7913 8005 8097 8189 8281 8373
Case #76: 1 17714700000000001 35429400000000001 53144100000000001 70858800000000001 88573500000000001 106288200000000001 124002900000000001 141717600000000001 159432300000000001 177147000000000001 194861700000000001 212576400000000001 230291100000000001 248005800000000001 265720500000000001 283435200000000001 301149900000000001 318864600000000001 336579300000000001 354294000000000001 372008700000000001 389723400000000001 407438100000000001 425152800000000001 442867500000000001 460582200000000001 478296900000000001 496011600000000001 513726300000000001
Case #77: 1 66 131 196 261 326 391 456 521 586 651 716 781 846 911 976 1041 1106 1171 1236 1301 1366 1431 1496 1561 1626 1691 1756 1821 1886 1951 2016 2081 2146 2211 2276 2341 2406 2471 2536 2601 2666 2731 2796 2861 2926 2991 3056 3121 3186 3251 3316 3381 3446 3511 3576 3641 3706 3771 3836 3901 3966 4031 4096 4161
Case #78: 1 54873 109745 164617 219489 274361 329233 384105 438977 493849 548721 603593 658465 713337 768209 823081 877953 932825 987697 1042569 1097441 1152313 1207185 1262057 1316929 1371801 1426673 1481545 1536417 1591289 1646161 1701033 1755905 1810777 1865649 1920521 1975393 2030265
Case #79: 1
Case #80: 1 5559060566555524 11118121133111047
Case #81: 1 8293509467471873 16587018934943745 24880528402415617 33174037869887489 41467547337359361 49761056804831233 58054566272303105 66348075739774977 74641585207246849 82935094674718721 91228604142190593 99522113609662465 107815623077134337 116109132544606209 124402642012078081 132696151479549953 140989660947021825 149283170414493697 157576679881965569 165870189349437441 174163698816909313 182457208284381185 190750717751853057 199044227219324929 207337736686796801 215631246154268673 223924755621740545
Case #82: 1 6085 12169 18253 24337 30421 36505 42589 48673 54757 60841 66925 73009 79093 85177 91261 97345 103429 109513 115597 121681 127765 133849 139933 146017 152101 158185 164269 170353 176437 182521 188605 194689 200773 206857 212941 219025 225109 231193 237277 243361 249445 255529 261613 267697 273781 279865 285949 292033 298117 304201 310285 316369 322453 328537 334621 340705 346789 352873 358957 365041 371125 377209 383293 389377 395461 401545 407629 413713 419797 425881 431965 438049 444133 450217 456301 462385 468469
Case #83: 1 33232930569602 66465861139203 99698791708804 132931722278405 166164652848006 199397583417607 232630513987208 265863444556809 299096375126410 332329305696011 365562236265612 398795166835213 432028097404814 465261027974415 498493958544016 531726889113617 564959819683218 598192750252819 631425680822420 664658611392021 697891541961622 731124472531223 764357403100824 797590333670425 830823264240026 864056194809627 897289125379228 930522055948829 963754986518430 996987917088031 1030220847657632 1063453778227233 1096686708796834 1129919639366435 1163152569936036 1196385500505637 1229618431075238 1262851361644839 1296084292214440 1329317222784041 1362550153353642 1395783083923243 1429016014492844 1462248945062445 1495481875632046 1528714806201647 1561947736771248 1595180667340849
Case #84: 1 30840979457 61681958913 92522938369 123363917825 154204897281 185045876737 215886856193 246727835649 277568815105 308409794561 339250774017 370091753473 400932732929 431773712385 462614691841 493455671297 524296650753 555137630209 585978609665 616819589121 647660568577 678501548033 709342527489 740183506945 771024486401 801865465857 832706445313 863547424769 894388404225 925229383681 956070363137 986911342593 1017752322049 1048593301505 1079434280961 1110275260417 1141116239873 1171957219329 1202798198785 1233639178241 1264480157697 1295321137153 1326162116609 1357003096065 1387844075521 1418685054977 1449526034433 1480367013889 1511207993345 1542048972801 1572889952257 1603730931713 1634571911169 1665412890625 1696253870081
Case #85: 1 6321363050 12642726099 18964089148 25285452197 31606815246 37928178295 44249541344 50570904393 56892267442 63213630491 69534993540 75856356589 82177719638 88499082687 94820445736 101141808785 107463171834 113784534883 120105897932 126427260981 132748624030 139069987079 145391350128 151712713177 158034076226 164355439275 170676802324 176998165373 183319528422 189640891471 195962254520 202283617569 208604980618 214926343667 221247706716 227569069765 233890432814 240211795863 246533158912 252854521961 259175885010 265497248059
Case #86: 1 897410677852 1794821355703 2692232033554 3589642711405 4487053389256 5384464067107 6281874744958 7179285422809 8076696100660 8974106778511 9871517456362 10768928134213 11666338812064 12563749489915 13461160167766 14358570845617 15255981523468 16153392201319 17050802879170 17948213557021 18845624234872 19743034912723 20640445590574 21537856268425 22435266946276 23332677624127 24230088301978 25127498979829 26024909657680 26922320335531 27819731013382 28717141691233 29614552369084 30511963046935 31409373724786 32306784402637 33204195080488 34101605758339 34999016436190 35896427114041 36793837791892 37691248469743 38588659147594 39486069825445 40383480503296 41280891181147 42178301858998 43075712536849 43973123214700 44870533892551
Case #87: 1 810001 1620001 2430001 3240001 4050001 4860001 5670001 6480001 7290001 8100001 8910001 9720001 10530001 11340001 12150001 12960001 13770001 14580001 15390001 16200001 17010001 17820001 18630001 19440001 20250001 21060001 21870001 22680001 23490001
Case #88: 1 2015993900450 4031987800899 6047981701348 8063975601797 10079969502246 12095963402695 14111957303144 16127951203593 18143945104042 20159939004491 22175932904940 24191926805389 26207920705838 28223914606287 30239908506736 32255902407185
Case #89: 1 46 91 136 181 226 271 316 361 406 451 496 541 586 631 676 721 766 811 856 901 946 991 1036 1081 1126 1171 1216 1261 1306 1351 1396 1441 1486 1531 1576 1621 1666 1711 1756 1801 1846 1891 1936 1981
Case #90: 1 2 3 4 5 6 7 8 9 10 11 12 13 14 15 16 17 18 19 20 21 22 23 24 25 26
Case #91: 1 81450626 162901251 244351876 325802501 407253126 488703751 570154376 651605001 733055626 814506251 895956876 977407501 1058858126 1140308751 1221759376 1303210001 1384660626 1466111251 1547561876 1629012501 1710463126 1791913751 1873364376 1954815001 2036265626 2117716251 2199166876 2280617501 2362068126 2443518751 2524969376 2606420001 2687870626 2769321251 2850771876 2932222501 3013673126 3095123751 3176574376 3258025001 3339475626 3420926251 3502376876 3583827501 3665278126 3746728751 3828179376 3909630001 3991080626 4072531251 4153981876 4235432501 4316883126 4398333751 4479784376 4561235001 4642685626 4724136251 4805586876 4887037501 4968488126 5049938751 5131389376 5212840001 5294290626 5375741251 5457191876 5538642501 5620093126 5701543751 5782994376 5864445001 5945895626 6027346251 6108796876 6190247501 6271698126 6353148751 6434599376 6516050001 6597500626 6678951251 6760401876 6841852501 6923303126 7004753751 7086204376 7167655001 7249105626 7330556251 7412006876 7493457501 7574908126 7656358751
Case #92: 1 2 3 4 5 6 7 8 9 10 11 12 13 14 15 16 17 18 19 20 21 22 23 24 25 26 27 28 29 30 31 32 33 34 35 36 37 38 39 40 41 42 43 44 45 46 47 48 49 50 51 52 53 54 55 56 57 58 59 60 61 62 63 64 65 66 67 68 69 70 71 72 73 74 75 76 77 78 79 80 81 82 83 84 85 86 87
Case #93: 1 10001 20001 30001 40001 50001 60001 70001 80001 90001 100001 110001 120001 130001 140001 150001 160001 170001 180001 190001 200001 210001 220001 230001 240001 250001 260001 270001 280001 290001 300001 310001 320001 330001 340001 350001 360001 370001 380001 390001 400001 410001 420001 430001 440001 450001 460001 470001 480001 490001 500001 510001 520001 530001 540001 550001 560001 570001 580001 590001 600001 610001 620001 630001 640001 650001 660001 670001 680001 690001 700001 710001 720001 730001 740001 750001 760001 770001 780001 790001 800001 810001 820001 830001 840001 850001 860001 870001 880001 890001 900001 910001 920001 930001 940001 950001 960001 970001 980001 990001
Case #94: 1 743008370689 1486016741377 2229025112065 2972033482753 3715041853441 4458050224129 5201058594817 5944066965505 6687075336193 7430083706881 8173092077569
Case #95: 1 2 3 4 5 6 7 8 9 10 11 12 13 14 15 16 17 18 19 20
Case #96: 1
Case #97: 1 2779905883635713 5559811767271425 8339717650907137 11119623534542849 13899529418178561 16679435301814273 19459341185449985 22239247069085697 25019152952721409 27799058836357121 30578964719992833 33358870603628545 36138776487264257 38918682370899969 41698588254535681 44478494138171393 47258400021807105 50038305905442817 52818211789078529 55598117672714241 58378023556349953 61157929439985665 63937835323621377 66717741207257089 69497647090892801 72277552974528513 75057458858164225 77837364741799937 80617270625435649 83397176509071361 86177082392707073 88956988276342785 91736894159978497 94516800043614209 97296705927249921 100076611810885633 102856517694521345 105636423578157057 108416329461792769 111196235345428481 113976141229064193 116756047112699905 119535952996335617 122315858879971329 125095764763607041 127875670647242753 130655576530878465 133435482414514177 136215388298149889 138995294181785601 141775200065421313
Case #98: 1 9
Case #99: 1 151334226290 302668452579 454002678868 605336905157 756671131446 908005357735 1059339584024 1210673810313 1362008036602 1513342262891 1664676489180 1816010715469 1967344941758 2118679168047 2270013394336 2421347620625 2572681846914 2724016073203 2875350299492 3026684525781 3178018752070 3329352978359 3480687204648 3632021430937 3783355657226 3934689883515 4086024109804 4237358336093 4388692562382 4540026788671 4691361014960 4842695241249 4994029467538 5145363693827 5296697920116 5448032146405 5599366372694 5750700598983 5902034825272 6053369051561 6204703277850 6356037504139 6507371730428 6658705956717 6810040183006 6961374409295 7112708635584 7264042861873 7415377088162 7566711314451 7718045540740 7869379767029 8020713993318 8172048219607 8323382445896 8474716672185 8626050898474 8777385124763 8928719351052 9080053577341 9231387803630 9382722029919 9534056256208 9685390482497 9836724708786 9988058935075 10139393161364 10290727387653 10442061613942 10593395840231 10744730066520 10896064292809
Case #100: 1 28 55
