100
1 2 32 3 18 33 47 4 11 19 26 34 41 48 55 5 8 12 15 20 23 27 30 35 38 42 45 49 52 56 59 6 7 9 10 13 14 16 17 21 22 24 25 28 29 31 62 36 37 39 40 43 44 46 25 50 51 53 54 57 58 60 25 66 99 29 51 42 16 78 38 11 72 94 52 66 46 65 25 72 20 20 83 2 80 59 76 46 53 10 12 76 3 36 94 1 17 44 95 32
1 2
1 3
2 4
2 5
3 6
3 7
4 8
4 9
5 10
5 11
6 12
6 13
7 14
7 15
8 16
8 17
9 18
9 19
10 20
10 21
11 22
11 23
12 24
12 25
13 26
13 27
14 28
14 29
15 30
15 31
16 32
16 33
17 34
17 35
18 36
18 37
19 38
19 39
20 40
20 41
21 42
21 43
22 44
22 45
23 46
23 47
24 48
24 49
25 50
25 51
26 52
26 53
27 54
27 55
28 56
28 57
29 58
29 59
30 60
30 61
31 62
31 63
32 64
32 65
33 66
33 67
34 68
34 69
35 70
35 71
36 72
36 73
37 74
37 75
38 76
38 77
39 78
39 79
40 80
40 81
41 82
41 83
42 84
42 85
43 86
43 87
44 88
44 89
45 90
45 91
46 92
46 93
47 94
47 95
48 96
48 97
49 98
49 99
50 100
