2 Ok
3 2
3 4
3 2
3 10
3 2
3 11
3 5
3 5
3 12
3 2
3 20
3 8
3 8
3 21
3 5
3 22
3 6
3 4
3 100
3 6
3 101
3 9
3 1
3 10
2 Ok
4 2
4 4
4 1
4 2
2 Ok
4 2
5 2
2 Ok
3 2
3 10
3 11
3 12
3 20
3 21
3 22
3 100
3 101
4 22
4 6
4 5
4 2
6 10
10 Ok
3 101
4 22
7 10
2 Ok
5 2
5 4
5 16
5 10
5 4
5 3
5 9
5 17
5 13
5 13
5 4
5 10
5 11
5 5
5 1
8 6
6 Ok
5 11
9 6
6 Ok
3 20
3 21
3 22
3 100
3 101
5 20
5 16
3 102
3 6
3 110
3 6
3 111
3 3
3 1
5 23
5 25
5 1
10 13
13 Ok
3 111
5 23
11 13
6 Ok
4 12
4 9
4 5
5 11
12 6
6 Ok
4 12
5 11
13 6
13 Ok
3 111
4 31
4 19
4 10
4 8
4 4
5 23
14 13
13 Ok
3 111
4 31
5 23
15 13
2 Ok
6 2
6 4
6 16
6 20
6 13
6 5
6 25
6 17
6 29
6 41
6 26
6 20
6 3
6 9
6 10
6 17
6 4
6 5
6 10
6 11
6 26
6 12
6 4
6 13
6 14
6 8
6 5
6 15
6 13
6 20
6 21
6 18
6 9
6 22
6 25
6 23
6 34
6 41
6 24
6 16
6 25
6 30
6 25
6 31
6 26
6 32
6 29
6 33
6 34
6 34
6 35
6 50
6 9
6 40
6 17
6 41
6 42
6 2
6 43
6 3
6 44
6 6
6 1
16 28
28 Ok
6 44
17 28
28 Ok
3 1001
3 7
3 5
3 1002
3 4
3 1010
3 8
3 1011
3 5
3 1012
3 6
3 1020
3 8
3 1021
3 9
6 54
6 10
3 1022
3 12
3 1100
3 12
3 1101
3 9
6 101
6 45
6 11
3 1102
3 10
3 1110
3 8
3 1111
3 9
6 104
6 33
3 1112
3 12
3 1120
3 10
3 1121
3 13
3 3
6 111
6 18
3 1122
3 12
3 1200
3 12
3 1201
3 13
6 114
6 10
3 1202
3 16
3 6
3 1210
3 16
3 1211
3 19
3 5
3 1212
3 18
3 4
3 1220
3 10
3 1221
3 9
6 124
6 29
3 1222
3 10
3 2000
3 16
3 2001
3 13
6 131
6 43
3 2002
3 14
3 6
3 2010
3 14
3 2011
3 15
3 5
3 2012
3 18
3 2020
3 18
3 2021
3 21
3 2022
3 20
3 2100
3 18
3 2101
3 19
3 2102
3 22
3 2110
3 14
3 2111
3 17
3 9
6 151
6 18
3 2112
3 16
3 2120
3 18
3 2121
3 17
6 154
6 33
3 2122
3 18
3 2200
3 4
3 2201
3 7
3 2202
3 6
3 2210
3 10
3 2211
3 9
6 204
6 41
3 2212
3 10
3 2220
3 6
3 2221
3 7
3 2222
3 10
3 10000
3 10
3 10001
3 13
6 214
6 66
6 26
3 10002
3 10
3 10010
3 16
3 10011
3 13
6 221
6 26
3 10012
3 14
3 10020
3 12
3 10021
3 13
6 224
6 6
18 88
88 Ok
3 10021
6 224
19 88
28 Ok
4 130
4 8
6 44
20 28
28 Ok
4 130
6 44
21 28
88 Ok
3 10021
4 1120
4 6
6 224
22 88
88 Ok
3 10021
4 1120
6 224
23 88
28 Ok
5 103
5 25
6 44
24 28
28 Ok
5 103
6 44
25 28
88 Ok
3 10021
5 323
5 33
5 11
6 224
26 88
88 Ok
3 10021
5 323
6 224
27 88
28 Ok
4 130
5 103
6 44
28 28
28 Ok
4 130
5 103
6 44
29 28
88 Ok
3 10021
4 1120
5 323
6 224
30 88
88 Ok
3 10021
4 1120
5 323
6 224
31 88
2 Ok
7 2
7 4
7 16
7 8
7 2
7 3
7 9
7 5
7 25
7 25
7 4
7 5
7 6
7 36
7 26
7 34
7 52
7 10
7 10
7 10
7 11
7 17
7 13
7 37
7 29
7 17
7 12
7 26
7 13
7 14
7 4
7 15
7 5
7 16
7 20
7 40
7 50
7 2
7 21
7 9
7 22
7 10
7 23
7 13
7 24
7 18
7 20
7 25
7 26
7 30
7 20
7 31
7 25
7 32
7 32
7 33
7 41
7 61
7 27
7 45
7 45
7 34
7 35
7 25
7 36
7 40
7 41
7 42
7 36
7 43
7 37
7 44
7 40
7 45
7 46
7 52
7 50
7 51
7 5
7 52
7 53
7 17
7 54
7 26
7 55
7 37
7 56
7 2
7 60
7 18
7 61
7 62
7 38
7 34
7 63
7 5
7 64
7 6
7 65
7 9
7 66
7 14
7 100
7 8
7 101
7 13
7 102
7 20
7 103
7 29
7 104
7 40
7 105
7 5
7 106
7 6
7 110
7 30
7 111
7 41
7 112
7 8
7 113
7 9
7 114
7 12
7 115
7 17
7 116
7 24
7 120
7 14
7 121
7 17
7 122
7 22
7 123
7 29
7 124
7 38
7 125
7 49
7 1
32 68
68 Ok
7 125
33 68
68 Ok
3 2112
3 2120
3 2121
7 130
7 36
3 2122
3 2200
3 2201
3 2202
3 2210
3 2211
7 136
7 38
3 2212
3 2220
3 2221
3 2222
3 10000
3 10001
7 145
7 65
3 10002
3 10010
3 10011
7 151
7 25
3 10012
3 10020
3 10021
7 154
7 10
3 10022
3 16
3 10100
3 16
3 10101
3 13
7 160
7 46
3 10102
3 14
3 10110
3 14
3 10111
3 15
3 10112
3 18
3 10120
3 18
3 10121
3 21
3 10122
3 20
3 10200
3 20
3 10201
3 21
3 10202
3 24
3 8
3 10210
3 8
3 10211
3 11
3 10212
3 10
3 10220
3 12
3 10221
3 11
3 10222
3 12
3 11000
3 14
3 11001
3 11
3 11002
3 12
3 11010
3 14
3 11011
3 15
3 11012
3 18
3 11020
3 8
3 11021
3 11
3 11022
3 10
3 11100
3 10
3 11101
3 11
3 11102
3 14
3 11110
3 12
3 11111
3 15
3 11112
3 14
3 11120
3 18
3 11121
3 17
7 235
7 57
7 3
3 11122
3 18
3 11200
3 12
3 11201
3 15
3 11202
3 14
3 11210
3 12
3 11211
3 11
3 11212
3 12
3 11220
3 12
3 11221
3 13
7 250
7 50
3 11222
3 16
3 12000
3 10
3 12001
3 11
3 12002
3 14
3 12010
3 14
3 12011
3 17
7 256
7 42
3 12012
3 16
3 12020
3 14
3 12021
3 13
7 262
7 38
3 12022
3 14
3 12100
3 14
3 12101
3 17
7 265
7 65
3 12102
3 16
3 12110
3 18
3 12111
3 17
7 301
7 37
3 12112
3 18
3 12120
3 20
3 12121
3 21
3 12122
3 24
3 12200
3 20
3 12201
3 19
3 12202
3 20
3 12210
3 18
3 12211
3 19
3 12212
3 22
3 12220
3 20
3 12221
3 23
3 9
7 316
7 46
3 12222
3 18
3 20000
3 14
3 20001
3 11
3 20002
3 12
3 20010
3 4
3 20011
3 5
3 20012
3 8
3 20020
3 6
3 20021
3 9
7 331
7 65
3 20022
3 8
3 20100
3 8
3 20101
3 9
7 334
7 86
7 30
3 20102
3 12
3 20110
3 12
3 20111
3 15
3 20112
3 14
3 20120
3 12
3 20121
3 11
3 20122
3 12
3 20200
3 8
3 20201
3 11
3 20202
3 10
3 20210
3 12
3 20211
3 11
3 20212
3 12
3 20220
3 14
3 20221
3 15
3 20222
3 18
3 21000
3 12
3 21001
3 13
7 361
7 21
3 21002
3 16
3 21010
3 10
3 21011
3 13
7 364
7 10
3 21012
3 12
3 21020
3 14
3 21021
3 13
7 400
7 4
3 21022
3 14
3 21100
3 14
3 21101
3 17
7 403
7 19
7 29
3 21102
3 16
3 21110
3 20
3 21111
3 19
3 21112
3 20
3 21120
3 18
3 21121
3 19
3 21122
3 22
3 21200
3 14
3 21201
3 13
7 415
7 15
3 21202
3 14
3 21210
3 14
3 21211
3 15
3 21212
3 18
3 21220
3 18
3 21221
3 21
3 21222
3 6
3 22000
3 10
3 22001
3 13
7 430
7 36
3 22002
3 12
3 22010
3 12
3 22011
3 11
3 22012
3 12
3 22020
3 12
3 22021
3 13
7 436
7 42
3 22022
3 16
3 22100
3 16
3 22101
3 15
3 22102
3 16
3 22110
3 18
3 22111
3 19
3 22112
3 22
3 22120
3 8
3 22121
3 11
3 22122
3 4
3 22200
3 8
3 22201
3 9
7 454
7 42
3 22202
3 12
3 22210
3 10
3 22211
3 13
7 460
7 34
3 22212
3 8
3 22220
3 16
3 22221
3 5
3 22222
3 6
3 100000
3 16
3 100001
3 19
3 100002
3 16
3 100010
3 18
3 100011
3 15
3 100012
3 16
3 100020
3 16
3 100021
3 17
7 505
7 15
3 100022
3 20
3 100100
3 22
3 100101
3 19
3 100102
3 20
3 100110
3 22
3 100111
3 23
7 514
7 28
7 16
3 100112
3 26
3 12
3 100120
3 12
3 100121
3 15
3 100122
3 14
3 100200
3 12
3 100201
3 13
7 523
7 51
3 100202
3 16
3 100210
3 14
3 100211
3 17
7 526
7 36
3 100212
3 16
3 100220
3 20
3 100221
3 19
3 100222
3 20
3 101000
3 20
3 101001
3 17
7 535
7 55
3 101002
3 18
3 101010
3 12
3 101011
3 13
7 541
7 21
3 101012
3 16
3 101020
3 14
3 101021
3 17
7 544
7 42
3 101022
3 16
3 101100
3 12
3 101101
3 13
7 550
7 34
3 101102
3 16
3 101110
3 16
3 101111
3 19
3 101112
3 18
3 101120
3 16
3 101121
3 15
3 101122
3 16
3 101200
3 14
3 101201
3 17
7 562
7 30
3 101202
3 16
3 101210
3 18
3 101211
3 17
7 565
7 51
3 101212
3 18
3 101220
3 20
3 101221
3 21
3 101222
3 24
3 102000
3 20
3 102001
3 21
3 102002
3 24
3 102010
3 18
3 102011
3 21
3 102012
3 20
3 102020
3 22
3 102021
3 21
3 102022
3 22
3 102100
3 14
3 102101
3 17
7 616
7 42
3 102102
3 16
3 102110
3 20
3 102111
3 19
3 102112
3 20
3 102120
3 18
3 102121
3 19
3 102122
3 22
3 102200
3 20
3 102201
3 19
3 102202
3 20
3 102210
3 20
3 102211
3 21
3 102212
3 24
3 102220
3 24
3 102221
3 27
3 1
7 640
7 46
3 102222
3 14
3 110000
3 22
3 110001
3 19
3 110002
3 20
3 110010
3 20
3 110011
3 21
3 110012
3 24
3 110020
3 24
3 110021
3 27
7 652
7 42
3 110022
3 26
3 110100
3 16
3 110101
3 17
7 655
7 57
3 110102
3 20
3 110110
3 14
3 110111
3 17
7 661
7 55
3 110112
3 16
3 110120
3 18
3 110121
3 17
7 664
7 82
7 42
3 110122
3 18
3 110200
3 16
3 110201
3 19
3 110202
3 18
3 110210
3 22
3 110211
3 21
3 110212
3 22
3 110220
3 20
3 110221
3 21
3 110222
3 24
3 111000
3 20
3 111001
3 21
3 111002
3 24
3 111010
3 22
3 111011
3 25
3 9
7 1015
7 65
3 111012
3 24
3 111020
3 28
3 2
3 111021
3 27
7 1021
7 101
3 111022
3 28
3 111100
3 22
3 111101
3 25
7 1024
7 80
7 26
3 111102
3 24
3 111110
3 24
3 111111
3 23
7 1030
7 10
3 111112
3 24
3 111120
3 24
3 111121
3 25
7 1033
7 25
3 111122
3 28
3 111200
3 26
3 111201
3 25
7 1036
7 10
3 111202
3 26
3 111210
3 28
3 111211
3 29
3 5
3 111212
3 32
3 6
3 111220
3 24
3 111221
3 27
7 1045
7 17
3 111222
3 20
3 112000
3 20
3 112001
3 23
7 1051
7 19
3 112002
3 22
3 112010
3 24
3 112011
3 23
7 1054
7 34
3 112012
3 24
3 112020
3 26
3 112021
3 27
7 1060
7 34
3 112022
3 30
3 2
3 112100
3 26
3 112101
3 25
7 1063
7 61
3 112102
3 26
3 112110
3 18
3 112111
3 19
3 112112
3 22
3 112120
3 20
3 112121
3 23
7 1102
7 28
3 112122
3 18
3 112200
3 22
3 112201
3 23
7 1105
7 55
3 112202
3 26
3 112210
3 26
3 112211
3 29
3 112212
3 18
3 112220
3 26
3 112221
3 19
3 112222
3 20
3 120000
3 16
3 120001
3 17
7 1120
7 46
3 120002
3 20
3 120010
3 20
3 120011
3 23
7 1123
7 55
3 120012
3 22
3 120020
3 22
3 120021
3 21
3 120022
3 22
3 120100
3 18
3 120101
3 21
3 120102
3 20
3 120110
3 22
3 120111
3 21
3 120112
3 22
3 120120
3 24
3 120121
3 25
7 1141
7 17
3 120122
3 28
3 120200
3 26
3 120201
3 25
7 1144
7 26
3 120202
3 26
3 120210
3 20
3 120211
3 21
3 120212
3 24
3 120220
3 22
3 120221
3 25
7 1153
7 47
7 61
3 120222
3 20
3 121000
3 20
3 121001
3 23
7 1156
7 30
3 121002
3 22
3 121010
3 26
3 121011
3 25
7 1162
7 38
3 121012
3 26
3 121020
3 10
3 121021
3 11
3 121022
3 14
3 121100
3 12
3 121101
3 11
3 121102
3 12
3 121110
3 12
3 121111
3 13
7 1204
7 34
3 121112
3 16
3 121120
3 16
3 121121
3 19
3 121122
3 8
3 121200
3 18
3 121201
3 19
3 121202
3 22
3 121210
3 16
3 121211
3 19
3 121212
3 12
3 121220
3 20
3 121221
3 15
3 121222
3 16
3 122000
3 16
3 122001
3 15
3 122002
3 16
3 122010
3 18
3 122011
3 19
3 122012
3 22
3 122020
3 16
3 122021
3 19
3 122022
3 12
3 122100
3 16
3 122101
3 17
7 1240
7 30
3 122102
3 20
3 122110
3 18
3 122111
3 21
3 122112
3 16
3 122120
3 24
3 122121
3 15
3 122122
3 16
3 122200
3 24
3 122201
3 27
7 1252
7 70
7 10
3 122202
3 18
3 122210
3 26
3 122211
3 19
3 122212
3 20
3 122220
3 22
3 122221
3 23
7 1261
7 51
3 122222
3 26
3 200000
3 10
3 200001
3 7
3 200002
3 8
3 200010
3 10
3 200011
3 11
3 200012
3 14
3 200020
3 8
3 200021
3 11
3 200022
3 10
3 200100
3 8
3 200101
3 9
7 1306
7 66
3 200102
3 12
3 200110
3 10
3 200111
3 13
7 1312
7 68
7 30
3 200112
3 12
3 200120
3 16
3 200121
3 15
3 200122
3 16
3 200200
3 16
3 200201
3 19
3 200202
3 18
3 200210
3 18
3 200211
3 17
7 1324
7 46
3 200212
3 18
3 200220
3 18
3 200221
3 19
3 200222
3 22
3 201000
3 14
3 201001
3 15
3 201002
3 18
3 201010
3 18
3 201011
3 21
3 201012
3 20
3 201020
3 20
3 201021
3 19
3 201022
3 20
3 201100
3 18
3 201101
3 21
3 201102
3 20
3 201110
3 22
3 201111
3 21
3 201112
3 22
3 201120
3 24
3 201121
3 25
7 1354
7 70
3 201122
3 28
3 201200
3 28
3 201201
3 27
7 1360
7 74
7 26
3 201202
3 28
3 201210
3 10
3 201211
3 11
3 201212
3 14
3 201220
3 12
3 201221
3 15
3 201222
3 10
3 202000
3 14
3 202001
3 17
7 1402
7 36
3 202002
3 16
3 202010
3 20
3 202011
3 19
3 202012
3 20
3 202020
3 12
3 202021
3 13
7 1411
7 57
3 202022
3 16
3 202100
3 16
3 202101
3 15
3 202102
3 16
3 202110
3 16
3 202111
3 17
7 1420
7 88
7 42
3 202112
3 20
3 202120
3 20
3 202121
3 23
7 1423
7 21
3 202122
3 12
3 202200
3 16
3 202201
3 17
7 1426
7 42
3 202202
3 20
3 202210
3 14
3 202211
3 17
7 1432
7 34
3 202212
3 10
3 202220
3 18
3 202221
3 13
7 1435
7 21
3 202222
3 14
3 210000
3 12
3 210001
3 13
7 1441
7 57
3 210002
3 16
3 210010
3 12
3 210011
3 15
3 210012
3 14
3 210020
3 16
3 210021
3 15
3 210022
3 16
3 210100
3 14
3 210101
3 17
7 1453
7 49
34 577
577 Ok
3 210101
7 1453
35 577
68 Ok
4 1010
4 31
7 125
36 68
68 Ok
4 1010
7 125
37 68
577 Ok
3 210101
4 21001
4 11
4 13
4 10
7 1453
38 577
577 Ok
3 210101
4 21001
7 1453
39 577
68 Ok
5 233
5 27
5 5
7 125
40 68
68 Ok
5 233
7 125
41 68
577 Ok
3 210101
5 4302
5 26
5 2
3 210102
3 16
3 210110
3 20
3 210111
3 19
3 210112
3 20
3 210120
3 14
3 210121
3 15
3 210122
3 18
3 210200
3 12
3 210201
3 11
3 210202
3 12
3 210210
3 12
3 210211
3 13
5 4324
5 54
5 20
3 210212
3 16
3 210220
3 16
3 210221
3 19
3 210222
3 8
3 211000
3 18
3 211001
3 21
3 211002
3 20
3 211010
3 14
3 211011
3 13
5 4343
5 45
5 17
3 211012
3 14
3 211020
3 14
3 211021
3 15
3 211022
3 18
3 211100
3 18
3 211101
3 17
5 4404
5 22
5 20
3 211102
3 18
3 211110
3 20
3 211111
3 21
3 211112
3 24
3 211120
3 18
3 211121
3 21
3 211122
3 14
3 211200
3 16
3 211201
3 17
5 4423
5 31
5 3
3 211202
3 20
3 211210
3 18
3 211211
3 21
3 211212
3 16
3 211220
3 24
3 211221
3 15
3 211222
3 16
3 212000
3 24
3 212001
3 23
5 4442
5 22
3 212002
3 24
3 212010
3 20
3 212011
3 21
3 212012
3 24
3 212020
3 22
3 212021
3 25
5 10003
5 19
5 25
7 1555
7 51
3 212022
3 20
3 212100
3 24
3 212101
3 25
5 10011
5 15
5 9
3 212102
3 28
3 212110
3 28
3 212111
3 31
3 3
5 10014
5 30
5 2
3 212112
3 22
3 212120
3 30
3 212121
3 23
5 10022
5 30
3 212122
3 24
3 212200
3 16
3 212201
3 19
3 212202
3 12
3 212210
3 20
3 212211
3 15
3 212212
3 16
3 212220
3 8
3 212221
3 9
5 10041
5 21
5 17
3 212222
3 12
3 220000
3 14
3 220001
3 17
5 10044
5 36
5 6
5 2
3 220002
3 16
3 220010
3 18
3 220011
3 17
5 10102
5 30
3 220012
3 18
3 220020
3 20
3 220021
3 21
3 220022
3 24
3 220100
3 24
3 220101
3 23
5 10113
5 39
5 21
3 220102
3 24
3 220110
3 20
3 220111
3 21
3 220112
3 24
3 220120
3 22
3 220121
3 25
5 10124
5 58
5 14
5 20
3 220122
3 20
3 220200
3 16
3 220201
3 17
5 10132
5 16
3 220202
3 20
3 220210
3 20
3 220211
3 23
5 10140
5 20
3 220212
3 14
3 220220
3 22
3 220221
3 15
3 220222
3 16
3 221000
3 16
3 221001
3 15
3 221002
3 16
3 221010
3 16
3 221011
3 17
5 10204
5 36
3 221012
3 20
3 221020
3 20
3 221021
3 23
5 10212
5 28
5 10
3 221022
3 14
3 221100
3 22
3 221101
3 23
5 10220
5 36
3 221102
3 26
3 221110
3 22
3 221111
3 25
5 10223
5 45
3 221112
3 18
3 221120
3 26
3 221121
3 21
3 221122
3 22
3 221200
3 20
3 221201
3 23
5 10234
5 44
5 26
3 221202
3 18
3 221210
3 26
3 221211
3 11
3 221212
3 12
3 221220
3 12
3 221221
3 13
5 10300
5 18
5 18
3 221222
3 16
3 222000
3 20
3 222001
3 21
3 222002
3 24
3 222010
3 22
3 222011
3 25
5 10311
5 23
7 2026
7 74
3 222012
3 20
3 222020
3 28
3 222021
3 15
3 222022
3 16
3 222100
3 28
3 222101
3 31
5 10322
5 38
5 14
3 222102
3 14
3 222110
3 22
3 222111
3 15
3 222112
3 16
3 222120
3 18
3 222121
3 19
3 222122
3 22
3 222200
3 24
3 222201
3 19
3 222202
3 20
3 222210
3 16
3 222211
3 17
5 10344
5 48
5 26
3 222212
3 20
3 222220
3 18
3 222221
3 21
3 222222
3 18
3 1000000
