10
20 96 10
16 44 36 37 43 50 22 13 28 41 10 14 27 41 27 23 37 12 19 18
30 33 31 13 24 18 36 30 3 23 9 20 18 44 7 12 43 30 24 22 20 35 38 49 25 16 21 14 27 42 31 7 24 13 21 47 32 6 26 35 28 37 6 47 30 14 8 25 46 33 46 15 18 35 15 44 1 38 9 27 29 39 35 4 2 5 50 33 11 27 19 40 13 27 37 45 40 46 21 35 29 18 2 48 3 18 43 3 7 2 31 37 42 16 40 45
218 103 255 136 641 472 872 115 607 197 19 494 577 572 5 659 259 120 421 165 194 637 577 39 900 472 4 724 577 157 304 486 261 249 312 592 411 874 397 18 70 417 512 338 679 517 997 938 328 418 793 522 745 59 561 644 532 255 57 108 413 51 284 364 300 597 646 712 470 42 730 231 459 932 569 829 138 565 766 466 673 559 678 417 618 930 751 840 184 809 639 287 550 923 341 851
20 100 10
21 34 41 50 23 26 45 41 6 40 5 37 20 33 43 15 48 8 6 5
49 12 23 29 50 44 47 19 41 23 12 11 6 2 12 31 29 6 21 37 45 27 23 16 9 17 33 9 25 38 13 25 1 37 3 50 30 1 19 22 24 32 32 31 34 45 11 14 50 32 50 47 10 24 14 19 41 46 27 17 35 41 41 35 27 43 37 8 46 7 30 19 38 13 49 23 10 10 37 11 43 38 7 2 14 23 22 6 20 50 22 5 40 12 41 18 6 29 28 1
725 217 481 591 51 791 355 646 696 540 530 165 717 346 391 114 527 898 228 779 225 819 142 849 24 494 45 172 95 207 908 510 424 78 100 166 869 456 812 254 996 341 109 402 688 501 206 905 398 124 373 313 943 515 161 657 700 898 830 795 104 427 995 219 505 95 385 64 241 196 318 927 228 428 329 606 619 535 200 707 660 574 19 292 88 872 950 788 769 779 272 563 896 267 782 400 52 857 154 293
20 100 10
11 15 22 11 5 29 28 1 49 7 3 45 48 50 44 40 3 29 4 1
32 48 39 10 2 36 35 40 43 16 28 5 30 50 15 36 30 44 36 28 1 39 22 50 40 18 39 43 46 44 45 30 41 33 41 42 20 27 33 12 43 11 18 24 12 32 10 41 26 47 18 28 35 41 27 25 8 15 19 6 9 13 37 1 47 27 45 17 3 29 30 47 41 48 21 2 31 32 44 8 28 13 37 15 6 13 41 13 30 11 20 40 25 6 42 21 34 38 39 39
915 320 797 30 371 556 847 748 272 224 746 557 151 388 264 789 211 746 663 426 688 825 744 914 811 853 235 980 951 933 349 865 252 836 585 313 392 431 751 354 656 496 601 497 885 865 976 786 300 638 211 678 152 645 281 654 187 517 633 137 139 672 692 81 507 968 84 589 398 835 944 744 331 234 931 906 99 906 691 89 234 592 768 386 927 48 730 113 255 362 942 394 33 323 165 231 290 249 820 379
20 100 10
19 6 14 50 45 12 6 35 42 26 6 15 40 19 44 19 6 33 23 33
18 31 44 25 27 44 37 4 44 25 15 14 30 28 13 26 39 20 11 33 45 18 47 36 38 42 4 44 24 29 26 42 11 19 18 37 14 6 41 9 31 5 22 12 34 36 40 24 5 2 6 1 19 4 36 7 46 40 50 21 18 27 14 28 47 32 16 11 37 6 21 19 12 43 33 47 30 22 21 35 23 28 35 41 34 23 49 31 14 48 1 31 24 15 10 23 48 25 33 36
142 901 858 124 686 604 626 951 91 637 251 709 722 889 177 95 453 363 731 626 75 33 193 849 182 59 481 505 395 289 844 537 189 391 351 876 685 667 826 466 994 767 174 716 345 352 501 799 405 923 424 480 956 308 18 828 367 499 22 452 788 556 679 978 638 30 543 322 697 368 789 691 825 653 96 169 4 287 968 99 209 392 270 855 700 288 682 757 788 394 209 265 951 888 242 588 918 785 600 305
20 94 10
16 8 9 46 50 13 48 34 27 5 28 10 38 33 33 22 17 14 11 33
12 36 37 36 31 41 34 15 27 17 21 43 26 29 40 26 41 37 11 19 44 38 29 33 22 11 6 39 26 16 21 38 4 9 23 34 1 8 48 28 27 20 22 2 50 11 29 40 49 39 11 44 28 41 27 50 3 32 38 28 50 8 17 3 18 42 36 19 49 35 46 27 6 17 29 5 29 9 44 29 48 6 23 25 46 1 26 48 34 13 28 33 22 44
529 35 334 494 624 567 846 841 22 691 881 380 298 394 53 696 215 51 878 375 489 735 630 398 659 7 607 14 536 296 465 756 21 799 249 645 365 786 485 78 476 55 458 775 449 511 160 354 252 37 730 432 462 49 830 121 56 126 826 283 422 290 38 443 780 978 87 835 763 262 913 930 317 371 394 456 572 554 811 825 281 230 256 744 970 776 555 26 902 380 1000 324 361 37
20 91 10
6 44 19 7 11 34 24 37 22 9 28 41 46 32 12 41 24 1 1 5
26 15 43 25 10 20 40 45 20 39 2 27 34 20 34 44 5 7 32 26 17 12 18 13 43 30 3 19 32 3 25 8 19 17 34 28 38 23 24 8 13 26 34 48 47 19 42 4 27 25 31 44 36 49 6 31 30 10 49 11 13 25 20 31 42 3 11 31 27 34 40 41 9 24 39 8 44 32 11 21 6 41 14 42 39 21 22 18 30 22 31
977 252 974 35 96 659 648 599 669 226 648 570 341 918 971 337 410 988 719 489 446 89 622 312 540 46 727 783 381 431 663 48 374 327 774 470 986 421 759 654 647 407 914 678 14 574 705 424 561 423 603 7 203 224 9 743 270 737 215 342 858 569 80 231 896 854 392 881 274 150 224 611 247 829 289 953 402 994 376 654 417 670 351 310 584 360 743 545 787 958 887
20 98 10
37 4 27 49 45 37 7 8 43 18 15 22 21 31 17 45 5 24 38 34
35 18 13 32 18 10 16 7 9 20 46 46 23 22 46 20 10 2 27 3 22 41 26 44 23 42 40 28 17 29 13 1 47 25 34 14 37 50 21 45 19 16 42 43 40 38 14 49 41 40 3 14 32 29 8 5 22 47 34 39 26 46 41 22 23 27 35 9 26 7 3 46 23 47 40 12 34 4 12 26 43 17 40 25 45 47 31 18 45 14 8 20 11 1 43 33 27 30
762 175 752 944 574 858 515 313 753 312 577 515 588 454 305 22 147 39 221 617 1000 545 373 704 776 376 70 326 850 997 777 611 171 528 244 745 76 449 748 519 451 15 33 730 159 338 752 306 377 974 613 67 208 986 461 984 51 221 309 901 217 776 202 388 304 136 823 70 586 260 589 36 275 623 766 434 651 208 430 28 181 42 786 389 718 246 62 770 467 62 670 684 838 562 762 832 699 274
20 94 10
12 7 35 4 26 35 29 48 14 34 16 11 32 15 36 48 1 48 9 30
50 14 30 35 17 15 36 26 16 37 31 27 43 17 30 20 3 10 17 16 46 34 29 27 48 14 27 1 13 37 30 14 1 9 48 17 26 33 45 41 21 27 19 16 45 50 35 47 9 4 13 4 37 43 33 35 8 11 35 20 47 16 35 47 25 33 16 2 17 12 44 38 38 12 3 32 11 39 30 21 42 44 25 29 36 9 13 43 21 47 14 17 12 1
983 310 691 278 182 354 235 978 248 227 958 942 508 187 160 264 877 994 48 406 78 577 806 365 765 308 801 106 887 152 114 869 462 805 146 335 850 71 312 97 989 961 730 496 838 890 761 404 573 499 810 342 766 305 707 530 303 508 327 190 660 441 749 812 937 586 837 786 657 149 573 646 800 302 832 637 882 282 41 455 781 541 487 547 537 884 767 840 391 784 29 741 225 779
20 100 10
28 29 29 20 21 28 49 21 14 22 11 34 17 18 24 33 43 12 36 4
14 9 13 19 46 49 11 19 27 10 24 4 38 5 24 8 32 24 30 47 45 43 31 13 10 6 48 5 17 35 10 32 43 24 2 39 22 14 9 50 23 35 6 12 41 31 22 24 4 1 21 1 43 3 13 5 8 10 9 26 45 18 9 37 41 11 27 15 24 38 16 49 22 21 10 14 1 33 37 5 34 9 7 28 11 19 32 20 29 42 47 25 9 6 11 2 16 40 18 41
151 147 39 870 463 324 503 325 475 124 876 416 377 751 463 752 222 778 684 19 311 544 346 228 341 169 377 120 180 24 403 21 863 442 891 325 456 83 650 622 208 216 728 275 967 190 717 879 969 90 898 970 325 243 197 666 413 265 477 283 289 880 305 842 11 195 857 468 279 507 780 177 413 507 142 69 388 859 949 46 640 846 15 965 780 903 630 192 858 106 475 147 986 780 679 998 666 536 155 635
20 99 10
18 35 4 50 25 5 1 37 11 43 43 9 15 24 42 22 12 20 11 11
41 3 6 48 17 40 32 40 9 18 7 26 2 12 25 29 16 28 17 27 20 12 35 34 37 28 7 50 48 17 11 40 21 18 37 37 9 18 28 17 37 36 44 38 47 20 18 13 47 35 41 18 46 25 1 32 3 9 31 2 26 43 41 48 12 27 35 20 46 14 36 32 2 31 21 48 1 39 12 47 25 2 15 20 29 17 3 33 26 33 34 3 28 24 50 41 2 36 11
522 934 552 582 727 998 704 385 409 355 303 955 877 943 811 641 254 82 884 994 472 323 448 660 925 494 249 581 522 196 29 43 820 272 315 546 269 710 621 368 64 614 322 632 557 824 963 501 906 847 495 67 860 633 727 784 818 976 54 339 862 84 73 681 46 388 917 315 97 228 683 853 842 4 174 398 828 136 900 423 983 84 490 532 407 907 5 224 573 60 254 434 835 327 806 881 405 412 195
